10000.0
10000.0
10000.0
10000.0
10000.0
10000.0
10000.0
10000.0
10011.556562076014
10006.993722107525
10004.365484913775
10007.457446554889
10023.271162302088
10020.728039079724
10024.148753782443
10034.006258398944
10045.234760463272
10036.223328398732
10031.92509470048
10038.297931597497
10027.072708348913
10019.832228153584
10023.071490762146
10037.218781029693
10039.891206821729
10059.797108186049
10075.067683145564
10073.747118548266
10067.746665995568
10081.644426424693
10086.925129739886
10089.415576119856
10094.12043747728
10105.47877831235
10106.063302040746
10118.362619532089
10127.19274582892
10133.283763436086
10129.328191244284
10130.133628501331
10127.443386139883
10133.384230156138
10144.024693576368
10149.08054336106
10143.763766367074
10140.894025586937
10140.70505763456
10133.478709873894
10117.80291203111
10109.274785073107
10119.920945779724
10126.692510720883
10139.292247277957
10137.813430545712
10142.809839855792
10135.429044795552
10135.260902469015
10130.906006114052
10142.164383574067
10136.591092414883
10126.291965701876
10133.274618374944
10123.417766763934
10114.910791493041
10094.195647177134
10104.150105903715
10117.854042280262
10114.547565189674
10113.412608435843
10104.173615271855
10100.426897651269
10094.2315295492
10104.865442227743
10087.654793136833
10082.077451150779
10084.630960934644
10073.797303925674
10097.602111617833
10087.093859972958
10098.226185856834
10103.5983438809
10108.007827491794
10106.926887005566
10098.931253373623
10099.204002464685
10088.700351409934
10091.620417793574
10097.582521449223
10080.87732275722
10077.120254304737
10056.076678461654
10074.622909674436
10055.718541447077
10059.6174157573
10059.099779530256
10047.50694137064
10051.850623916987
10052.27549457649
10049.596529933058
10040.97478212854
10048.946410845178
10068.42864196875
10065.93576334503
10078.442758698184
10088.685611509083
10101.455005212954
10113.875795722437
10112.245262929333
10110.816240764514
10103.790483872419
10098.32139493091
10101.903149334852
10100.33048662402
10105.10272074318
10104.259062555484
10097.18749908702
10099.029209289316
10100.064206021905
10088.15757363023
10092.671165623804
10077.922630876503
10070.811899086777
10056.667174673516
10054.758535166238
10035.693885581903
10032.010403214706
10027.512508034173
10024.621620144477
9999.576586760562
9986.467403991895
9969.416582125894
9971.28528231899
10003.473406950825
9990.92054171713
9959.391874908699
9959.235314025922
9970.434533682143
9958.229103590656
9911.289224637438
9906.648016525469
9912.43120039798
9900.37767450637
9870.135557666064
9862.705799697404
9870.268163320648
9842.57139142175
9843.426478638874
9839.545041687175
9839.545041687175
9839.545041687175
9839.545041687175
9839.545041687175
9839.545041687175
9839.545041687175
9839.545041687175
9839.545041687175
9839.545041687175
9839.545041687175
9839.545041687175
9839.545041687175
9839.545041687175
9839.545041687175
9839.545041687175
9839.545041687175
9839.545041687175
9839.545041687175
9800.226947003004
9795.362310118298
9784.503579884506
9777.40115798349
9757.825298356855
9754.905826269414
9771.688350972534
9745.908965750643
9752.275313182845
9736.835659395756
9720.49920924514
9714.668967453164
9729.971967271751
9752.720639456997
9758.272137774204
9755.22540161563
9744.251225701382
9744.962162237412
9748.533440449324
9756.6655362972
9745.535855016862
9767.976800304934
9769.901547295478
9768.036264769718
9765.467362334544
9760.973821074966
9758.428291525011
9757.419911024728
9742.3263728296
9742.131963613805
9744.36465910896
9742.673451632441
9734.059318674035
9731.787744371142
9731.58567263037
9733.713712696872
9735.872238000742
9730.686493556988
9733.873545330833
9756.833528540263
9755.33978255138
9747.314551181167
9747.812343772184
9746.547926035584
9644.556722558464
9471.382953677672
9280.051553675854
8939.283086003421
8982.29539900996
8676.732171407955
8973.2259373894
9498.392986800398
9506.261142523867
9590.555517191067
9697.756748715137
9919.988570086205
9929.784583363042
9825.487169438455
9664.927679393384
9911.190196393347
9968.574110583577
10041.993012681662
10413.330448356404
10736.099597234854
10383.665876866093
10242.447489561757
10398.201261418391
10457.929644668035
10153.681646109782
10081.581772839198
9910.39576730967
9719.87293569593
9582.589941541357
9446.467100763184
9753.291745585766
9788.850768182183
9491.18113405488
9522.132657901853
9543.688143719794
9760.710621056658
9657.3445674291
9348.743753070527
9134.497751699126
9358.945872188791
9796.558018627831
10014.851806179138
10201.890524637185
10182.505296408714
10480.371708110326
10561.68410523657
10689.503128153608
10682.944556288361
10841.533440527191
11100.609442689703
11118.546279351407
11244.722587486855
11140.305428114187
10926.82720710636
10984.788899240692
11046.636339304025
11445.352154536791
11797.971491168853
12093.307911302623
11963.661286114691
11909.160378248436
12193.479747854357
12277.917053117668
12196.88028492248
12065.286131081548
12303.171364088948
12394.832715626138
12318.680915310757
12417.526321565
12412.873276509541
12798.258248403883
12627.0339596768
12570.35246403265
12574.6933435051
12704.49157870618
12792.183637608254
12871.933726878737
13056.894147450093
13312.043817744876
13376.954176634683
13141.77369670957
13067.175220857333
12916.735340812793
13068.839747990578
12398.897744897933
12327.30469950904
12481.699717604295
12616.112730264213
12877.991688486714
12894.127564937007
12666.727038113637
12528.565061310135
12702.25780047914
13401.58824465281
13496.95459244005
13638.92343594661
13807.78205373889
13948.994324493468
14055.018771821595
14103.286789070286
14475.818254775306
14348.16859701423
14282.980725662119
14131.886994072715
13986.352207828259
13805.098906896692
13673.00024593257
13719.308117703806
13675.298555758349
13669.617509994796
13900.442990050095
13850.166574444678
13537.598469823908
13637.446569069438
13955.940052411348
14133.201851225404
14284.167061939383
14234.94783177971
14280.861011535319
14070.775219549536
13897.283913680238
13812.90398350763
13769.90400456531
13784.018977518968
13759.76752479262
14154.311496205079
14206.753295750375
14524.802049515443
14651.474808696383
14986.126503890055
15164.940650768436
15078.611652876292
15578.087173514534
15516.033826785006
15560.472959212892
15792.936248926628
15692.204708043977
15698.132240659794
16017.356440886128
16077.34671817431
16299.644783361797
16235.401485955395
16241.713736019437
16277.125258778147
16276.523176229819
16214.45043887397
16098.355006035516
16122.068247029938
16484.92480470374
16402.678789383102
15831.107045798259
16141.571975543437
16089.383932791308
16294.400038196205
16492.980767217865
16624.26401056591
16631.559603165868
16548.33747242448
16590.547502764886
16873.964029033967
16520.071000070515
16311.212880441833
16235.442320480926
16371.070095010142
16664.100593519324
16945.824544972507
16916.608448212435
16900.762096293496
16939.736201988515
16859.78468153469
17060.951045990456
17460.07981688753
18011.254540890543
18142.4738292821
17996.318650669564
18039.24890649503
18109.821855294973
17971.05798675377
17813.121959069373
18076.176029393424
18137.112191381864
18147.658449325165
17779.888191714024
17993.994332617887
18170.429243892155
18470.89196012122
18545.40176210842
18557.457305387616
18523.04511904815
18610.381515798716
18558.77424932894
18697.53148809566
18507.54200804182
18414.39916685728
18359.177171158026
19397.80382688887
19909.455653560723
19921.820232559618
19867.948972351667
19729.93966113832
19244.491135203163
19246.5740136707
19062.44244039747
18834.29135440157
18479.901202665576
18338.53478944921
18602.004381544248
18896.703850698144
18828.849118634345
19261.49425530834
19613.098959001883
19816.317032253744
19730.745577298087
19752.30375973009
20072.46701017288
20094.85391825817
20019.4747012176
19662.09048199857
19403.757468534095
19534.7397741253
19524.49350080461
19521.82835658999
19430.113004090657
19428.414735278224
19450.439339911067
19337.022252100494
19345.02285442623
19292.15883167603
19222.927303819608
19182.98764743407
19310.39643920233
19355.49165822911
19356.593165193983
19347.04314421529
19288.88833155389
19305.11738637062
19237.609973268278
19300.792593728696
19376.428809411183
19413.237780583957
19465.12284625356
19504.755978949644
19687.892470680406
19638.477827667335
19673.69891814127
19701.353849734038
19730.647686496057
19753.84330605097
19680.71180906159
19687.224522752676
19685.552323691863
19683.735046762566
19611.988390700008
19647.176871378815
19648.140175669687
19569.215676498778
19679.977052122827
19709.735013461086
19688.411509466692
19378.61384817147
19484.83766516411
19555.250041727733
19578.90434152684
19445.10834372237
19297.745950269928
19283.373945500698
19324.265063611823
19316.155864644235
19237.102598000783
19274.92326098091
19316.979779140227
19334.80537108997
19322.2712522637
19369.202722773287
19393.86574985303
19480.40834192655
19506.924295429228
19478.324313797217
19460.388129193507
19434.221416647786
19400.10101770239
19413.2255556299
19396.889758241916
19476.79364387471
19623.59452468539
19626.084785693078
19631.926164512406
19655.259746438234
19841.593005782448
19863.729870027226
19914.113132108927
19980.430104407766
19971.211096805706
20034.339552673537
19997.30042300572
19978.076300169814
19988.72869208392
19981.320241995407
19944.15613423298
19985.023846720476
20055.743821419324
20066.796509739746
20072.166259042522
20090.623816139952
20167.701421290214
20249.55576001658
20231.571647583332
20269.86567741683
20298.19247689748
20304.8075426931
20349.245634573137
20341.64785473003
20377.84287275737
20389.891491405375
20394.116965302623
20466.417718913202
20517.234741863034
20520.667306014562
20500.661045388348
20524.91460805679
20771.65494717299
20946.31593660373
21002.49372380925
21054.974952587123
20954.942997020313
20850.66578792208
20943.977882291107
20979.06336780275
20897.047453675546
20741.13961671904
20319.785946351218
20203.21487049141
19527.57257309111
20273.84710608036
20471.604060178033
20641.831751317244
20666.156803390637
20368.267140142492
20377.55086035476
20259.635695094148
20037.77621813616
19512.114921010987
19487.68811503889
19950.56646656175
19666.98660214217
20084.29316136885
20286.98701002432
20533.393479038554
20713.69789164878
20926.19133146341
20908.317916819084
20569.160726006576
20392.587858867635
20175.156157047084
19865.00063127905
20071.606748987862
20112.66910754331
20369.04975422031
20524.000013748577
20915.62237063144
21327.929972094134
21389.58081947553
21631.225880374786
21364.798240516262
21392.328595705414
21221.770636028537
21207.814104218385
21085.46844427901
20863.293896077677
20350.590005577877
20113.862454593655
19985.417682898897
20127.374473591837
20275.735490126954
20679.150106454366
20585.728478997025
20557.12498766155
20305.48574994368
20158.951881649235
20062.396838898585
20158.48128388959
19950.838920746
19987.80616472682
20550.364750578912
20585.412326788493
20609.33458922407
20672.942358488817
20824.058759297186
20769.2331880586
20627.026563221225
20467.723539855615
20714.825380418148
20773.750865259983
20837.427381011443
20772.111144491566
20668.505494464647
20760.143847316922
20649.158720243337
20330.63373413028
20011.16815826963
20117.10248559872
19996.915341782948
20170.95665452721
20264.933356353547
20272.47280110718
20106.3628537775
19985.92890698839
19638.40008632411
19545.707705331522
19802.495441805593
19672.150984580498
19702.247601439252
19708.802797920034
20115.95966109478
20203.14082544196
20444.230258969837
20514.28739184897
20693.81476158613
20919.72745474121
20858.890651244466
21021.016504141713
21084.95092452378
21136.89487340214
21274.52937734052
21528.595564032483
21834.905581415038
21985.683176836326
22127.59992533468
22132.53088404616
22488.892470614974
22539.572044914603
22403.199568556138
22143.603786013136
22141.105790566126
21877.535079030677
21715.715347687445
22162.987299173983
22288.55957029919
22370.35988366874
22512.565825240406
22720.195101515776
22982.16876938835
23115.57033819011
23256.017871947617
24138.349324740302
24502.51889789903
23567.878595373688
23830.504627238402
23887.849469666708
23719.956128642927
23775.285809619734
23668.768409040415
23688.155327651184
23705.34501721826
23281.81777720558
23400.489639197498
23728.246027151246
24036.51436498716
24358.133867251243
24462.529396877177
24486.99762363743
24382.536796529017
24458.029309073398
24349.636525116723
24241.37461382406
23702.639368552173
23295.406398067116
23172.291376138797
23682.39581408333
23622.272322153247
23947.266964927174
23792.72934441251
24171.80171013571
24187.364686559522
24281.285520367397
24012.935709040466
24328.21085772836
24436.141582356642
24400.706232233915
24615.236233591233
24692.073428218686
24660.419830363026
24714.139643071758
24644.608325540692
24921.087476396086
24693.365226028294
24637.465445641406
24709.317736603643
24734.629535229662
24752.810222609667
24888.578659729545
25002.08333932251
24991.36428821957
24950.064408892962
25065.89712429479
25088.87424269221
24952.47134064153
24827.09717042021
25256.001155957656
25498.71916588885
25640.034854885747
25740.45790005502
25808.918851414714
26318.803483174393
26444.04912317044
26422.67275600247
26539.60039220173
26605.098835898774
26021.770696321757
26259.29846461412
25723.90584085117
25295.027725549407
25526.105872731117
26143.08660428802
26377.96469918236
26417.324270536465
26024.88676796198
26071.757755404404
26273.979075848114
26472.190281263374
26404.36929046184
26562.519719260985
26792.63662980584
27252.225605349107
27505.581917391733
27264.467249355945
27418.781082767506
27564.888415332556
27616.058150772722
27831.123626234996
27482.203258510566
27150.313043235772
26292.36197096376
26304.55877338783
26375.906774970743
26617.637535901653
27088.648260501814
27128.841825138963
26982.43846496528
27501.899033355337
27662.576777629336
27354.11062662571
27279.493959224794
27182.891225159125
26804.058031890123
26579.766257738665
27162.405290964383
26366.644440674143
26231.911338409303
25857.08880676352
25851.927035367702
25899.25930530522
26287.11864663576
26081.84778112913
26404.14697861302
27009.621883238364
27116.94274085225
26971.066923048867
26894.772931842243
26739.702642442
26727.145650450362
26306.447150333755
25982.591498006586
26098.711180881877
25997.838575789043
26130.209823472294
25516.566314382173
25499.78794417189
25816.743329025445
25737.748568651707
25601.927075735875
25493.55341402321
25905.17407824283
26359.931034375197
27048.047112478052
26966.66992928919
26991.91352912745
27058.48648771706
26634.823988362685
26845.726978941864
26719.814542120024
26755.298146461
26785.913318177827
26666.4135327831
26727.512084551156
26720.513310786126
26843.113975995453
26800.7647394109
26623.95732902165
26258.02142576123
26042.63401409418
25605.028635403327
26068.256312771013
26215.59034878531
25948.491154341213
25614.60172919602
25734.5652466092
25824.577802114793
25817.28197405447
25839.657903140756
26483.715417113995
26781.64294040019
26631.600514675287
26388.840510030528
26116.390016932517
25710.918391126364
25522.106622839707
25534.50576260376
25109.64370977974
25156.161988314256
25516.597675377147
25150.304447461836
25125.32999139601
24775.007973844284
24281.47317151209
24952.918490992022
24989.582645800383
24752.047371699304
25131.867268827627
25360.951828154128
25731.574919148887
25702.58972815285
25779.85656147027
26226.978406396847
26375.362362781794
26848.962586253074
27339.664066134388
27420.287965014213
27242.8906604575
27179.84481761297
27525.27301191427
27560.695795007072
27859.163595542934
28174.618495624323
29019.122416141385
29911.786258124554
29716.492706343255
29898.10139232735
30361.534907740723
30807.84990906283
30326.067163745778
30075.366327178363
29882.271231703442
30533.272447905605
30124.523707031705
30054.636703346478
29007.075524524327
29136.476056074145
27607.990532436765
28423.84079940914
28463.64799578803
28473.091909360184
28991.161715785678
29293.811526058664
29227.611900311585
29271.330317113967
28180.852512785455
27555.134424861833
27536.689845528672
28364.14350107297
28823.24837792992
28668.413237295725
28752.172669898577
29931.12330001001
29894.05381989461
29918.2244223432
29451.48813439432
28761.84930522721
28300.161324195768
29552.764838053346
29451.404990226707
29357.345631375883
28989.52619332951
29463.237280388665
29716.664307933843
30056.79893416537
30596.329483913978
30659.35006282176
31785.614739757882
32171.671912860973
30823.673949514836
30868.830515600606
30901.34141728398
30959.172169746576
30544.61274273342
30845.958137488018
29562.47675876769
28797.67614394816
28636.122170403636
28630.33727282171
28681.624655311763
28438.190884566393
29602.94631034618
30705.37904855733
30925.5606807668
31232.049157827925
32294.318126330778
32332.580920754634
32365.06303934363
30753.24962814333
30670.967278569256
30356.819449999828
31027.97863972324
30846.28737187471
30780.541832057268
31241.44026685496
30995.60754296421
31023.52919100256
30459.566625668765
30581.783409154606
30656.908200576847
30847.656521355584
30685.792686189365
31011.322505383265
30394.920632368143
29692.329535373807
29542.08294251528
29298.093085234515
29501.74902345406
29836.37390447082
29483.48936480598
28856.775828555157
28356.368813247078
28899.99039194345
28582.826572157337
27968.58448455037
28720.780261443004
28694.02583430228
29285.21643032492
29552.59285089306
29923.217740760938
30195.3957009754
30126.60640318288
29891.05913559379
30018.981791252758
30167.174739785205
30076.06831384474
29993.90786061567
29214.447540713234
29255.68478954629
29230.680144041016
29350.521253547624
30076.139131865188
30441.912147225816
30541.504844215997
30904.638587448673
31188.89507228171
31190.995226135532
31014.87699174422
30998.12259268283
31543.15519199687
31587.008183801245
32022.415107064786
32208.059746242743
32580.175970145134
32619.31423862109
32420.214008164035
32345.9721764558
32205.947902842418
32577.563308563167
32803.42689890514
32835.689519954474
32684.048210182737
32726.469936981117
32556.65625556465
34387.83194456914
34202.52410735444
34277.815874805296
34409.36087046523
34958.65862955783
34994.764517124524
34893.832681438675
35143.44166626069
35340.65992121036
35926.182298138236
36122.67431312123
37094.28463416545
37747.83830231654
38483.60923262333
38940.04148759856
38983.810936280446
37697.32914985018
38516.788584428024
39377.75876221712
39296.14790106878
39532.83105766557
39824.3783863617
40019.39489976131
40904.08878522827
41479.368126680514
41856.04735840642
41683.39932961178
41139.52022142783
40166.3018785628
40730.8002305586
41059.55318448099
41696.07110281108
42163.42826760581
42681.07671244395
44467.97182248357
45616.125807040706
44787.99240712461
45867.70830788512
46162.40553399043
46101.04949847614
45793.99864095954
45772.03644405828
46255.42740823637
46914.51664749681
47250.76583571708
46768.25757847405
46312.15192925938
46749.45742942294
48081.457444904634
47750.584880870876
48128.50434370932
48155.197218204004
48147.011181020935
48407.367154366424
47729.65265503377
46674.918644502686
45355.653338529555
45020.80234898508
46614.71308961353
45677.786940539605
45151.33723913784
43675.12922536748
43022.7238029967
46784.86618163806
46580.314490525525
46253.094446638184
44783.10557132313
44562.291808707596
44717.95781438573
44826.4611933138
43629.70185753233
43314.70199887122
43582.30151572143
43280.98254568148
43878.282531468634
43368.161184442404
42753.27270983287
42905.15577105219
42389.40221463831
40697.57290306326
40860.21588232659
42586.586761669816
43523.05660511381
43169.00503840084
43487.095723027385
43062.84923182181
43708.566369833134
44250.07551902307
44291.835680367156
43451.15344787594
43017.21384146191
43008.24442219693
43724.133613076825
43934.87323479304
43964.7621999046
44901.54644816563
43968.36673269495
43947.60745296246
43725.06642911209
43699.61696264145
43879.027233528876
44820.642262241
45005.64854116699
44588.854162231655
44525.626565378625
43865.084601527575
43742.84504816096
43984.23483196961
43607.20570451363
44363.45556398792
45056.51397148668
45690.01674669194
46614.435999515474
46377.53849154882
46472.55987133316
47009.93417731908
46313.55993315077
45822.34005647617
46169.32101119086
46291.917468063104
46605.903997967944
46394.05760420357
46826.81287312346
46811.41370762115
45877.75798836982
46336.05169217144
43961.87527663891
44250.534140762655
44197.97990478547
45235.4897987492
46536.208948698484
46452.670410823164
46473.65070210132
47018.08462482024
47462.33991938187
47587.74046194298
47396.93534632908
47412.294987329566
47376.915089302616
47744.280646041174
48316.009967342776
48271.92469931836
48571.419940334075
49002.434983790394
49939.23964597628
50224.314835861136
50330.64748749066
50782.50778811277
50615.85561971409
51930.02913024558
51589.38406149724
51606.72618294414
51009.11714613617
50954.78487658637
51454.58028087211
51328.32234029454
51650.26587062994
51860.16186167288
51401.98867370755
50708.81836658379
51078.79022989534
51848.77790230811
52805.53666379367
53460.72085157139
53547.05809219546
53535.30774030009
53422.07685020848
53582.33589061147
52799.44889889011
51558.164376301065
51084.14548301806
51745.91414020217
51861.84833312767
50511.21357790553
50581.48900149076
50858.98489759459
51030.24358893879
50148.49248908722
49011.83817608154
48809.889559849646
48932.411041513136
49011.80635484246
48150.42090105061
48425.15788825161
49593.80713900491
49571.44832607988
48908.58712266702
47827.55765249627
47871.75616416839
47985.06122347156
47296.82662507638
47240.1997840339
46336.13952699206
45546.1575424249
45700.206751507125
45462.065312840845
44715.53739465283
44655.692296441244
42951.519700639816
42078.19610784517
41679.10889412075
41645.67259808603
41384.234863375605
41740.60134268037
40419.83281043458
40402.444107211915
43250.43007586728
43028.29503249559
43065.81274692575
43619.55021428425
44313.16486169058
44829.080453509836
44246.79304526342
45133.81994384815
44877.81460846889
45371.69223646583
44372.38676141549
43282.5128425513
40698.142612984695
42078.80669302092
40387.05708299109
41387.00904718484
41845.546044421026
40617.10739976681
39353.479280142354
39513.76175179147
40454.08662343458
40432.95841983315
40375.28635983294
39734.74465119683
39847.255681049515
39343.51753716592
39421.949948359135
39035.16364159804
39524.93256993884
42028.861222737614
41533.78143332346
40365.78853847843
40049.020997675194
40240.69455066728
39736.98109857268
40184.992877444856
39858.678280852575
38482.45841767045
37564.07018739204
37924.367573456504
39023.12136589179
38250.79461877828
38655.895322395016
39071.21807820718
34831.60075152018
34377.37927874869
34205.00648035451
35137.52367342339
35028.70144195101
34939.97309970465
34889.39071263909
34217.7858777944
34477.68334578568
35011.53439597602
35544.830155468386
36399.587912402174
36707.86356139943
36431.56356078162
35806.84116255323
35630.96201681799
35445.36329950811
35310.529987340415
35051.25286433631
34201.80085394932
34448.00083987562
34165.68427036659
34154.65797286577
34165.273840816575
34019.96542483243
33333.36687956619
32404.10657501751
32705.095597073985
33236.46942997404
32894.91548648813
33015.824880380824
33290.47401001673
33013.94428568235
32863.50882833055
33186.641344284966
33834.18543272355
33866.3295421659
35204.42279723738
34839.66101900478
34657.846320312245
34950.44874562931
35587.99187220027
35636.818654470364
34774.727277227496
34111.75649267745
33435.163180628704
32824.67532153613
33117.85408926159
33202.152939494896
32520.80107287498
32688.281045912445
32712.787815539887
33104.846100835304
33277.29552842847
33105.732017259186
32411.990189401098
32611.192605269036
31518.51456456982
31071.77030486286
29965.030194137737
30243.556044804252
31090.887446849007
30901.54693342103
31406.494630599642
31694.102334827363
32669.934868969787
33912.778361172444
34018.22995780349
34001.08353689292
34578.02756082735
35059.50683222765
35200.74029640581
35470.14319349531
35055.48075173176
34788.51858662964
34669.14006880769
34241.71339607332
33128.97233564481
33276.71676131992
33399.890514264356
33865.49369147773
33683.03932584547
33946.89926491255
33748.1714845911
34033.26053159717
34236.90978234124
33855.474585277036
34174.75520106914
34492.955415268516
34557.51954297254
34459.690545163416
34161.35863874157
33737.950307854044
33785.66159028827
33840.78297344448
33441.24600599903
33636.952701078284
33376.71781945309
33126.08367388594
33113.21962307376
33111.91920603476
33073.373270005875
32110.05697471701
31889.285860019405
30955.77974892026
31122.09626839545
30738.074406549138
30576.267298557905
30344.806641671872
31299.93729435023
31921.664847477987
32285.631056664017
32139.590296094106
32065.93408660818
31744.040125935677
32193.345453661066
32534.80216002457
32787.69018771867
32715.58242807714
32990.74926467663
32982.517780029935
33206.1095967947
33031.068728753315
32730.960521361852
32673.096064017405
33690.62527853529
33764.065600709844
33432.190595678156
33966.300406867325
34628.57241097422
34879.76629146431
34970.85234862281
35262.31159702814
35870.772644410274
35834.920908242304
35639.27752448128
35339.51430800579
35061.84211341586
35732.118886999466
36466.10308665297
38187.47893096775
38052.482949696845
38410.49630754842
38760.513657078045
38816.67303667821
38488.617115020155
38631.81769755073
38388.559746160594
38492.35024135258
37882.98979654838
37314.193356349824
37670.145503364256
37559.95051087215
37537.69436031491
38225.571269179716
38144.73480265415
38172.77447512107
38751.28034072623
38509.91785021257
35814.3595633831
36054.763309884394
35927.364299516776
35233.8955961051
34852.605257898584
35595.75927719642
36169.644824669296
35974.8230469676
37628.12228931413
37693.82844825044
37387.741060290966
37243.30366918921
37007.99889028318
36536.87769031481
36786.322417482275
37442.572295970516
37334.674127755876
37058.73945498036
37330.38744623596
37422.79470942174
37194.500685159954
37614.7806582817
37600.75824718395
37796.12954826084
38189.75060893094
38380.6836741693
38425.206634216156
38833.59381297554
39920.70828608881
40269.62838595479
39856.38499856268
40237.60301522606
40674.22758647946
40537.45088222117
39704.77010735755
40186.821103144044
40042.577004921164
39970.340036864975
40020.689983003394
40218.813815843365
40055.330863690535
39640.61745072021
39727.45647738944
39777.85893816452
39701.940101554545
39777.136631850684
40185.617858003956
40202.64669282712
40188.69420870021
39759.52809590932
39445.67920887669
39899.5335359815
39802.64972275211
39911.02819015465
40625.08398215115
41159.88925414535
42422.54929679068
42308.47990052978
42997.74808050085
43252.48549372588
43612.813047762815
43197.8589519835
43345.197934902135
43242.36213616694
43096.82365247137
42994.447697945114
43076.34059951761
42601.69871004638
42499.73593017823
42123.35525635873
41716.0149660956
41865.35469486659
43523.62429220179
43590.21228928697
43169.580851800114
43087.44117100846
42554.46394109862
42712.86772535537
42423.07446527441
42250.168450803634
41299.01647605628
41506.814003555206
41518.33366495485
41362.424142693955
40884.85398285309
40669.927233741546
41509.90044251689
42553.20180919467
42465.95156643768
41787.22180621873
41609.626052359476
42212.44487333768
42278.478897484056
42280.732508798996
42117.327620568285
38853.89486594273
38396.57083695428
38397.62382933118
38098.34165896909
38471.63925114852
38850.50872015335
38830.66024505262
39158.98851416802
39899.200539139216
40254.85557115858
40685.021101613114
41057.13411103507
41319.82387271726
41644.74812387709
41798.30711323034
41370.665713464754
40719.427254565846
40486.75840105126
40217.31083050213
40385.89845722104
39894.13329576095
39784.67856243303
40319.28123694137
40291.433001762285
40662.06520005748
40719.73385551162
40724.57384300641
40644.5252965057
40505.61649240118
41016.71069957495
40988.211436710604
40653.480756754056
40192.800152199154
40383.73990313799
40683.577897923846
40716.272723746944
40491.708668906715
40738.70328587091
41266.85769365183
41618.68094508705
41692.2382886283
41264.698166877206
41210.01593006036
41102.472494266796
41459.72953077617
41535.01626037495
41382.31266446315
41320.81244667535
40262.83356950008
40208.56266315954
40221.4910826558
40197.07589173557
39789.95008335697
39957.71775462648
39783.33257935071
39698.149462590234
40085.09846343245
40570.092943987365
40628.62732484195
40265.725192633436
43472.52537071374
43276.75497142693
44488.33868457462
45335.99664462876
45245.6874833115
45255.727398305324
45336.70027141058
45650.27456703649
46000.64264723505
45535.039436301835
44997.28029668701
44756.88771026608
44980.67554106762
45394.49083547054
45351.48209279753
45179.50314112841
45050.97596173321
45778.09918092921
46253.83352267676
46282.74209472948
46406.15261076511
46553.89952905469
47731.08449604994
47777.83132440922
48492.69409652679
48500.38217968149
48345.020084899515
48738.144463103396
49164.943959043325
49482.14601428975
49523.501987594536
7391.684364659708
7496.243373264664
7438.254058327142
7429.848960209012
7281.086762521607
7299.503527012343
7304.240579292708
7312.247175853969
7284.132806847609
7281.1824125732965
7206.790691080509
7169.224296151588
7169.325763861624
7186.725778328618
7229.025179991944
7326.2701339951
7410.0443223740995
7415.047742237246
7434.827218582897
7476.431514203539
7567.843792315293
7552.492564924589
7481.520994034133
7546.776229361977
7597.320469670001
7591.7128369179245
7638.984691552418
7393.96192112143
7445.785975002491
7449.351763176274
7500.702655774464
7649.642215310523
7677.094115214085
7686.050615205584
7807.253652448946
7837.861368202169
7768.400524539469
7599.286554324072
7530.188802311718
7621.265865596941
7540.770963837091
7518.652148194643
7492.928527713285
7496.2683148379765
7556.589909484869
7599.461522558703
7643.1621622309685
7712.278225933003
7743.830723255386
7818.105450325661
7933.9553788033045
7944.886768476671
7946.017764734445
7981.327371277105
8020.573659206994
7972.3358114324665
8061.3591620978605
8050.766095742674
8081.527359909031
8100.559643284281
7946.651520671154
7917.952608643473
7952.145005003344
7969.444847052882
7935.965897321614
7913.721949787019
8091.485870841542
8098.533596932816
8137.7134321456315
8035.4747786628905
8104.628414966381
8128.90076497834
8136.092568374579
8110.779120576319
8166.716652617122
8130.929629508261
8009.033505332539
7949.058413085186
8009.064701613116
8064.148053707266
7984.384004344276
7992.901238254673
7994.991977084863
8003.105922900955
7961.056857298978
7963.4403228070705
8088.057078891743
8059.52664245635
8071.9603459473
7980.934951804389
7893.749909099878
7774.866247936594
7877.949685946924
7993.94230540539
8164.978622841282
8187.590865707684
8271.194235346127
8315.754068551983
8296.250727775765
8376.031168245241
8426.966653832835
8417.15773394614
8476.022656894207
8547.198799426398
8519.86921554018
8529.010341581023
8515.418311632346
8519.939988483975
8530.641707274564
8558.108041506272
8567.307453746751
8714.281869281556
8819.600235995029
8824.509379053345
8831.02426447904
8882.443804822116
8943.006620948829
8970.028281950803
9080.145091679975
9039.957998217047
9058.996756338152
9117.759317362106
8890.167318350443
8824.703307251188
8887.309396411338
8875.15721372129
8871.632784801472
8763.821972329015
8776.118614598594
8796.430518179393
8707.240541148385
8632.768346386914
8606.176440142179
8472.479976184512
8519.927735682617
8720.848732994475
8724.37455883633
8751.010950861151
8746.91126526099
8725.666025158442
8767.20452523151
8799.990691666499
8776.007133276351
8703.542865489375
8569.177322363448
8495.4977348817
8399.617343545064
8452.388492733951
8636.173911372607
8667.752975401309
8612.898863313467
8652.725713354803
8618.592905299907
8509.232942160235
8461.578905705392
8528.451442541407
8592.60729025438
8721.049329995556
8765.915414477919
8809.751814847707
8711.847546803237
8963.75301108158
9037.920216518423
9099.88598106925
9084.101456251497
9108.013783405442
9136.344824908185
9190.951466259638
9161.04988061259
9111.624239583934
9211.808075728934
9402.288991958105
9540.472149475427
9594.927346315979
9617.093899676382
9645.631099223841
9664.789864047609
9689.985562921842
9776.46593112054
9883.215153473418
9827.533077286198
9758.945792109917
9676.012973951176
9699.67589017017
9693.758501907954
9684.37350074181
9594.611216559884
9574.537481138806
9628.464454980709
9532.989326159053
9397.06796461043
9415.083054198312
9395.70058966375
9450.359332795057
9567.205416705492
9665.518626466137
9638.302255293667
9545.233368552466
9595.526698601128
9581.053359753896
9442.921679499368
9306.993653076743
9401.80302451189
9391.345361255722
9488.8032089533
9426.362722737744
9454.911584632935
9480.862152026384
9552.97176588106
9495.974121627736
9517.497400909413
9539.760134213415
9611.925855226073
9552.056224442482
9562.24758755001
9530.629731826959
9466.010480107285
9490.096378851598
9657.849950400436
9635.788421466974
9762.150185893906
9817.560108477091
9952.386966006938
9888.889966749404
9770.431328561464
9577.199173530375
9698.520704825978
9702.94728427116
9636.200254665497
9480.508615608103
9465.109203727623
9566.07396107088
9553.658011884878
9505.314797518735
9527.524412686715
9705.064141616522
9723.0710240633
9727.153625999672
9816.942865610106
9784.732743252316
9789.753755155201
9926.244349153263
9922.994678928357
9855.430999520959
9905.085049986488
9853.546628145463
9828.748583162154
9776.065797274945
9811.642958540677
9750.464833787311
9728.959612254965
9666.204167291718
9591.884443654706
9692.092183306018
9702.997814948494
9602.27053470858
9561.17733853107
9614.191955081982
9616.77161018538
9602.889199404526
9616.856940420403
9623.665464596945
9596.070689014356
9652.616278577381
9709.334118644021
9579.580359490095
9483.048037168875
9483.668127743817
9564.733705118373
9549.312789654958
9510.680252864302
9506.304272972411
9318.95475208892
9131.043987599276
9277.271565605643
9495.572123937767
9521.101090161594
9561.809720156343
9654.779382324528
9728.672234173091
9816.68289072392
9808.326231956586
9480.486948292844
9535.502520435806
9475.460236085304
9353.417169556355
9376.892382268543
9357.363437400876
9318.463265502254
9260.98693633818
9193.227168924186
8906.48266330026
8868.741597910781
8911.341275905696
8917.564828762796
9081.577369661634
8869.622950004083
8849.684025242455
8930.677108565476
8872.009400036615
9000.440420534713
8982.2932551708
8927.43068699665
8794.657034852178
8602.360345102965
8128.555137016466
8320.727771298307
8521.080570347758
8769.672957367438
8743.778397094873
8742.480590092338
8574.70655894836
8699.825581284225
8745.580839344617
8556.70025079277
8711.697879064555
8695.502254715899
8734.928163807737
8833.174241477036
8928.8219621307
8969.211899057296
8971.297369170232
8893.267284010264
8792.171089927979
8898.949013125079
8807.811907745854
8855.431619226698
8862.36831270152
8888.511250695099
8817.824379639347
8768.93097454047
8591.702937526103
8518.385993285074
8472.803445605217
8574.049498777795
8663.769866936393
8667.033248827167
8580.74770318713
8619.501727219409
8720.040217307482
8695.21847381418
8593.774153212707
8647.481550081175
8657.914336421938
8641.423987694252
8768.301298129714
8854.063835844498
8961.419209299078
9164.53805757261
8967.581784800137
8931.496417014394
9191.390420374733
9289.624940994443
9284.747619205642
9353.052129512678
9432.176743046963
9453.96723646985
9384.170523196926
9362.968386040553
9344.252029758567
9058.710086539117
9014.810312626929
9008.006164904318
8869.261509431788
8817.82953387693
8845.681539916695
9079.95141328788
9172.968974022586
9232.913434511349
9218.531831149321
9171.626951821676
9224.832618607079
9164.203804282628
9148.873926526841
9192.098340614963
9039.73730487813
8991.928253405422
9048.767686517906
9176.757377500704
9150.144295315502
9094.205394107283
9012.651495958695
8944.649456938938
8749.09092403433
8710.884026953152
8652.869912959974
8595.697309353029
8433.705019931096
8386.169802550385
8386.628681856135
8407.469038539006
8439.280445828379
8376.437296138101
8465.041399344222
8444.851674197325
8289.70426537088
8155.921124935276
8172.843640165391
7915.773220407909
7644.815940172506
7678.422949575521
7790.070011375839
7902.164115834448
7835.694065034233
7831.325840312988
7601.256446804118
7720.1261892014445
7623.10789162012
7637.9580236030615
7780.429300617681
7891.592947358911
7862.122109835651
7435.048426460933
7428.183364175331
7613.958571373891
7615.078135677386
7499.844668842228
7543.457961329161
7591.753202011265
7478.991740245776
7401.946840740751
7401.946840740751
7401.946840740751
7401.946840740751
7401.946840740751
7401.946840740751
7401.946840740751
7401.946840740751
7401.946840740751
7401.946840740751
