10000.0
10017.249667442382
9561.109286451076
9524.78014185845
9326.749465608482
9229.269844672963
9229.269844672963
9229.269844672963
9229.269844672963
9229.269844672963
9365.905674040501
9517.239004823323
9641.574491159565
9522.988133272102
9539.758570114705
9663.453831166158
9785.433083268656
9667.51965002075
9331.562758188946
9441.77783761153
9252.863837173107
9251.717708643775
9254.744975594695
9272.851989426683
9187.673681756856
9214.067038824236
9307.84686706435
9314.458468780265
9333.532592197691
9349.398100029543
9949.704411982255
10090.099920016957
10121.555815339176
10226.789672113453
10494.031087218222
10585.476118064777
10690.73771257566
10697.319965588229
10688.994660387214
10709.205265926796
10703.029035463724
10486.873516450594
10405.646946198201
10499.458504542039
10544.671878430307
10440.251960414713
10450.149605541039
10461.919384373874
10574.649448817081
10689.027940407688
10620.883585480613
11179.346457109848
11419.52072429469
11504.640997747021
11313.454647928053
11321.996628599687
11184.855054109867
11182.196718761688
11144.732610789868
11093.071247429636
11210.947135382574
11138.770013698833
11042.385714120319
11190.331179524817
11395.733995107292
11391.872218284883
11245.99674508968
11697.713311876496
11848.51775133244
12014.734149418717
12359.452813818676
12481.061456272379
12400.476579376324
12333.142013226745
12127.456262169575
12353.43584082065
12579.238762380397
12913.246780080493
12706.833889978232
12621.428461797212
12918.679714327469
13108.758208398696
13011.555215782573
12817.76090555343
12476.209440374743
12592.228139643106
12673.317730970892
12723.991830560411
12522.120875060245
12340.323951332663
12340.323951332663
12362.128124035353
12356.265475712145
12091.990399378763
12354.623460984225
12940.97532933126
12803.665853445726
12693.213145022833
13136.620165937227
13182.11848651677
13549.070635137548
13281.535445421594
13458.94818489333
13620.105819426743
13643.152409269569
13213.071253761418
13423.81774286943
13715.642282583476
14244.48936191407
14576.070015253617
14599.286718092026
14465.97172919519
14350.608792353529
14380.130086513314
14544.043949631896
14737.545870206115
14725.584872090725
14725.584872090725
14725.584872090725
14725.584872090725
14725.584872090725
14649.816714631073
14649.816714631073
14649.816714631073
14692.760690452324
15103.112890091674
14922.09872471818
14579.009329835333
15075.41719920176
15503.94347058381
15416.85697673056
15876.284042697518
15884.842583533307
15884.842583533307
15933.604228798544
16078.15073101421
16093.450022500361
15576.242437627523
15607.168948707065
15353.785582418375
15380.358852335565
15451.680637459016
15760.840269829338
15940.077310721274
15958.946742740942
15948.316828127057
15973.718238553352
15594.717808772331
15447.830266626734
15846.474766745561
16159.8676885485
16018.705741517992
16293.587506076634
16321.159092487374
16693.855520433022
17178.16358938992
17300.40097772536
17446.188312447743
17483.916090772178
16919.033127714367
16446.340886011527
15693.893876295766
15693.893876295766
15693.893876295766
15693.893876295766
15693.893876295766
15484.95014518047
15934.587710753924
16091.21185165611
16010.528867394725
15781.01638945527
15374.218084540471
15031.920833081904
14435.407144046127
14500.619700133706
14451.427831801419
14435.350839795927
14435.350839795927
14367.665512657353
14588.032049448722
14836.18461524869
14798.700445857525
14642.755968104868
14762.92153296976
15107.14947578151
15117.858639622626
14972.741182931451
14476.796674207048
14543.911626058305
14605.220520921475
14382.087052634777
14064.748847485902
14011.295051440447
13994.71757977389
13697.186974694076
13581.800794932118
13736.410300090665
13797.903409825092
13975.044850741444
13734.724380304262
13528.042321776877
13409.672712292868
13020.405463996562
12963.70002836401
12880.062805950918
12573.030839182073
12571.345502492975
12571.345502492975
13257.586409060039
13382.40818354422
13384.587298863622
13471.801167397263
13138.76920740586
13878.59997628295
14630.26852440048
14955.76992358561
14955.76992358561
14955.76992358561
14955.76992358561
14955.76992358561
14879.39341570917
15048.379786562264
15022.91166148706
15503.179699519205
15386.6525141739
15029.244867450614
14999.37005203494
15481.478822818051
15760.792532163661
15997.020281109988
15893.834651719866
16044.635130834773
16171.964679954195
16186.312333238331
16335.72160008996
16353.261838193908
16254.60065233848
16153.373089314167
15955.445335017812
15388.713443618464
15399.40752806251
14785.743939844791
14816.304961631375
14889.06332258971
14416.72516568277
14428.929398733095
14503.498116304852
14385.686705776232
14617.942169524431
14531.556744406285
14308.555322442915
14192.24610663288
13912.118203246231
14253.765984944243
13932.905924043189
13913.300734576673
13828.96363766375
14094.930500625956
14212.638857011858
13645.11285026104
13422.861197679747
13386.5797441768
13569.057541972597
13391.02702686048
13434.835245502578
13371.0694185863
13443.803921648174
13693.536663795952
13712.104520269404
13717.382764374765
13450.314868080171
13287.831453931787
13343.784437999002
13359.809430020865
13401.781360968165
13246.147466938102
13193.083159371134
12879.031041958486
12926.177824396966
12909.418392921252
12700.55424507142
12176.702855775475
12118.407975143322
12174.86409889652
12174.86409889652
12174.86409889652
13276.277627319898
13155.373992409786
13463.540494426557
13575.17630550578
13785.486547142404
13999.910986599894
14345.262637891887
14776.7208743838
14751.41530295661
14920.900882110842
15182.574704689403
14874.981020846008
14820.038818750827
14719.026698204152
14202.564616684736
13921.731982493491
13965.432210882575
14051.790471632161
14506.111933054324
14855.075510533467
14875.34583548794
14900.129977540306
14622.584115578673
14763.257420955993
14797.786677274316
14891.634382270246
14956.141873431709
14974.490429795333
14897.106365836658
14918.700568962904
15082.86942176879
15225.265986082879
15378.133103298798
15794.399653718076
15944.381014807435
16121.095542509936
16045.121929864952
16093.444291526572
16233.574931608231
16340.590731386264
16454.42774113636
16311.585850193389
16339.063079739464
16364.950186461407
16395.17081501605
16159.415400864238
16188.20945560134
16239.169567692079
16249.396162648707
16257.009062635514
16257.009062635512
16104.083093158737
16055.27447768935
16247.662225895092
16132.717684508616
16043.684023021433
15958.78704276724
16057.148754380903
15843.696711347533
16075.43113835832
16281.808534267431
16230.54250548354
16070.957186740565
16116.291277340562
17062.218825871172
17085.15526695419
17085.15526695419
17085.15526695419
17085.15526695419
17085.15526695419
17085.15526695419
17085.15526695419
17085.15526695419
16937.453926603426
16575.82485024955
16509.958885074633
16590.42733600601
16590.42733600601
16590.42733600601
16592.782054864954
16685.384753627226
16661.762353133083
16967.69245561365
16883.123522730715
17000.72594812386
17130.906401811073
17201.19378914438
17499.10582603048
17816.997147014805
18272.749597258982
18306.32070198516
18308.337461361214
18371.493987560396
18384.26446804428
18271.440809157866
18311.57268033383
18311.57268033383
18311.57268033383
18311.57268033383
18311.57268033383
18311.57268033383
18311.57268033383
18311.57268033383
18495.6379549313
18352.27271714378
18006.168577774508
17831.016675802006
17881.92586098009
17238.588320541287
17318.21870886797
16965.66973836107
16430.955517654817
16709.603998087136
17613.47837035922
17505.550154856377
17509.087132554727
17774.56398820006
17844.721020144207
18049.441656900326
19944.93933761224
19919.182895490463
19650.10259413673
19893.892137618946
20111.294580270107
18930.81326635267
18404.401986693865
18207.402954675825
18124.418480472257
18166.263672494548
18185.459222937865
17960.228328077057
18056.424317993948
18047.17649415216
17902.470691531496
17940.03102311783
17747.690289294515
17743.005203893037
17751.503236291388
17838.291212492302
17902.866648696163
17730.754304482754
17786.739723581355
17815.994436663666
17828.48873434889
17901.18972933989
17813.627374258627
17991.39981253178
18595.774646673184
18849.218280911708
18687.914345162768
18790.3511638551
18035.069690778168
17746.72080851333
17892.74781871555
18022.456881935243
18059.587071258036
18491.91761327949
18475.433480028198
18482.869373629397
18489.46287731728
18561.966623254342
18561.966623254342
18563.275817091373
18677.376852557394
18675.760090504715
18770.394953073013
18840.96622790685
19227.31854765563
19355.250277932264
19278.311647424027
19625.319223880237
19676.192338194865
19254.501774351753
19373.650075123584
19281.869183209594
19355.352207908152
19423.28271273181
19521.833451067392
19381.785442781907
19544.805889571522
19290.30137843942
19096.716335049314
18959.907886473855
18583.324026501206
18670.927562262736
18871.77688619446
18597.96104391514
18585.471047526644
18675.64449704181
18809.4365652208
19255.01362975034
19402.96414961703
20474.307730806824
20443.82936045258
20518.05450292666
20431.31697746009
20471.949570667326
20604.168004478823
20683.52471696476
21293.064592184222
21276.45541347358
21666.97065623549
22016.121387600146
22258.171931639186
22471.06698925472
22409.498027103273
22409.498027103273
22409.498027103273
22409.498027103273
22409.498027103273
22409.498027103273
22409.498027103273
22409.498027103273
22597.342209636085
22793.343113962586
23017.603075730036
24017.99087015307
24094.028747261742
24060.988849300185
24406.85166866736
24405.3666423811
24818.880195432517
24868.296233204488
24899.779131610452
23917.041268843157
23886.697759536684
23632.07042171317
23999.939671221102
24581.590718583917
24828.53120152448
24239.43138098467
24547.96526170906
24560.571765732333
24543.93974755142
24276.129601805886
24272.45991543262
24055.59144114111
24055.59144114111
23867.091101144695
24176.029413705517
25485.762044113755
26175.892978448104
25849.094793933386
25799.574969128338
26071.140757762652
26394.443947018914
26913.93975850815
27243.316557729737
27316.356236218697
27224.247353432613
27614.064943210826
28303.56437733893
28310.1284313164
27330.280709806
27062.337028985192
28759.24214136856
28529.043619171145
28444.980478383823
26251.795036066986
26269.807895439164
26460.206045871186
26165.059703900522
26314.15375055516
26350.11597556839
26349.1402683462
26339.295159517333
26327.352714399065
26327.352714399065
26113.01799789506
25923.051266686714
25708.873948720575
26802.118555498662
27189.46860715145
27302.638332134575
28565.83850716868
28842.162901719414
29099.20738387276
28858.769883501216
27764.84538364328
27795.565570581122
27816.72117986021
27844.176835079787
28397.5925832501
28484.899870036796
26791.368101443106
26059.54365244018
27045.681832134593
27016.3584118608
26972.738441141984
27113.145847406297
27093.74723892493
27209.98437289057
27232.827723780465
27343.171211330417
27115.102896709748
27753.31602738271
28581.26352551399
29534.860862540147
29603.812635858823
29748.088177878686
29653.78171875945
29910.756828201866
29910.756828201866
29910.756828201866
29910.756828201866
29910.756828201866
30393.799197713528
31572.058817171117
31038.173376740924
30202.17823122133
30430.815128879407
31056.307626476195
31366.34513134255
32087.92840673294
32110.36117222829
31681.676876322585
31706.2837190056
32475.650146149346
32371.33108391909
32126.56679755573
32301.14391325533
32306.292089256964
32520.97934308935
32945.58761507758
32749.419871041955
32861.28013690195
32354.855055577777
33247.52636554287
33216.32926303246
32330.05585662622
29072.165687128043
28725.041274298383
29025.4701589913
29975.305846051007
28784.891610600676
28900.698194151384
28900.698194151384
28900.698194151384
28907.86426004829
29795.29475344442
30021.162475869478
30303.428896430738
31105.915350317944
31438.971317892796
32025.474379119845
31216.764811387016
30688.09737178436
31928.359501796684
32381.91788905476
33048.802078106346
33570.89382572731
33130.19259439388
33231.1572141887
33184.27627157906
32960.315899434754
32207.07717471123
32050.881673483003
31691.19964561445
32321.15827086364
32419.316149502803
32719.187789418465
33098.66633219058
33082.1513914942
33231.330451037524
33110.32067105537
33037.526255462464
32517.652684489643
31716.415121781316
30550.488624642385
29580.13162623182
29204.84202817358
30234.262920224115
29478.78321774859
30401.914118493463
29110.818433842724
27927.178925421133
27467.871098543244
27485.381211533328
25613.69015474643
23394.332291178882
23334.310820851908
22264.72846482086
22156.50404250964
22418.593184622518
22527.000412902304
22913.678712380406
23154.509989225695
22795.817632600683
22735.06736730021
22742.83520765616
22568.236480237716
23279.110555586583
23851.896159326137
23569.5050511055
23828.53937149007
23946.241605283023
23478.6607601589
23178.10510491793
22838.004797280395
22843.605998701772
22454.421002840725
22259.059085851433
22027.861394228363
22646.85470515123
24180.095216520604
23814.42800495834
22757.57219200622
22835.804951985134
23092.095947754322
22600.41792299717
22599.766569274936
22341.53234609621
22341.53234609621
22245.04063125707
21942.812971667874
22466.863548689675
21634.215211021787
22843.116382569897
23462.0219287886
23242.12948650743
24277.996104188307
24779.246690653825
25117.183142195026
25117.183142195026
25313.740281273153
25422.7335985893
26002.85080341091
26251.33631081957
26382.211000181283
26837.09573420938
27418.8563288891
26994.884958664104
26958.098460778616
26827.82984197266
26239.199281455276
25930.932341799704
26230.524133660205
26813.190747607823
27140.36619012267
28193.95630357911
28748.953076792404
29261.433731544097
28832.14810191682
29696.13488243311
29964.769273696595
29969.32260339845
30032.567285943816
30025.826267708435
30083.35577566573
30134.34084126576
30188.38791268285
30531.599849170736
30154.291457369985
30194.388785757434
30025.10451044799
30288.215911566655
30729.101618117784
30708.084377646446
30646.984441148612
30939.16295886718
30389.72191627824
29929.112993340954
29982.34981511137
28946.94745991828
29417.939084965117
29748.39042364662
30442.065464836887
30375.74178125763
30534.128444103626
30475.82162246079
30296.196339964587
30103.762634009694
30397.523892271427
30384.34477708155
30036.099503399124
30163.4480558802
29966.64523940564
28602.100630021254
28195.814651092274
28221.740947518425
29185.501084627016
28917.498808982
29067.578702219143
28317.04707436624
28317.04707436624
28153.128095401218
28350.317502641694
28192.91839469272
28168.052426254588
28245.024856045453
27938.90476267248
28956.28353767709
28505.143390079713
29198.82872441581
29858.856118061256
29473.771994817504
29578.769216680128
29364.532251528937
29281.806069167025
28660.478522645477
28840.353789489673
28903.400052546775
27759.46607641998
27955.429056134748
25364.068782603244
27821.94598388423
27315.244491380974
27051.67185535038
26152.33585453514
26380.371356085125
26639.97228097031
26591.131427621924
26508.45480856836
26092.673545283687
26092.673545283687
26092.673545283687
26092.673545283687
26092.673545283687
26137.905378999974
26529.59521668996
27093.620414108664
27151.203777288712
26987.7351477904
26716.53514799924
26452.2499426441
26665.08271174798
26551.630070577034
26766.424904446656
26714.341406071857
26324.587541486602
26422.449768452883
26454.103584441866
26357.09739815294
25961.896445622162
25772.489893567825
25156.13712223428
24842.848400854204
25530.909293716795
24061.570383453833
23567.746421227417
23619.978648170687
23339.139361452093
21797.69196659464
21556.91944143291
20477.266493471907
20759.7780890394
21916.987876577998
20733.854950227436
20285.628027110302
19851.687036107687
20223.88159182472
19633.614950331033
18207.140999085932
17500.594621978624
17213.953101693387
15597.811075535366
15260.761779635515
14551.74345668326
14211.290456990642
13647.545770106466
14183.175201565395
14483.908521123383
16980.60005959755
16848.104723570053
15919.949493194064
15740.730258136326
15234.101813753947
15329.256798023769
14627.188669934203
15103.202691189126
15150.736162997437
14823.822111728594
14831.281941941197
15107.704321853063
15745.129330032289
16761.949360208266
16599.96573511803
16504.127104939
17089.46671537612
16116.88868791104
15453.074683476863
15281.176240470393
15470.810936675127
14644.192145736766
14139.865613965294
13956.082497626516
14306.098103058877
13621.442436030093
13856.3111347109
13376.092085139551
13171.375779781532
12752.903389136973
13511.06926829898
14212.043895237755
13928.724977468539
14568.524269923748
14028.265169793318
14220.362150439138
14427.126967445876
14178.282087876822
14204.777357814384
15356.205519705973
15237.519779056347
15134.469162811167
14998.687289273366
14520.589410287057
14791.140645203679
14586.865748330796
13855.229777724588
13843.576940686626
13853.929850260694
13724.892537789048
13761.739573232047
13644.505852961534
13644.505852961534
13644.505852961534
13648.73566796992
13648.73566796992
13669.382446002232
14092.461438542883
14400.57496250047
13726.440646427276
13892.205768936601
13655.842115786623
13409.791772331435
13260.93381222127
12869.902487608666
12401.730265900578
12457.701141091808
12289.528594994074
12203.863221039715
13285.260003895019
13157.834792483021
13443.73685021619
13615.333549993682
13876.708983958064
13993.674292055997
13695.495830769067
13637.797061484338
13944.264846329364
14046.524776837194
14061.806415346384
14561.280053683911
15145.902442393477
14867.427717353628
14449.98179568593
14755.25997324668
14787.967297992092
14710.637587328465
14654.04911016634
14277.598501314169
14303.665922052107
14232.541682534142
13983.191097443745
14244.194718431458
14221.283800835396
13948.681143049871
13961.513650949844
14062.265261826507
14433.33085192905
14256.256316276389
13783.153049459368
13329.605178090826
13954.157497950326
14541.343571038806
15191.982516277749
15237.556355763312
15248.557020449509
15458.261577539957
15961.65189023707
16101.896012960708
16160.981045464989
17005.397351099502
16882.710964100424
16871.81054580574
17214.452704029514
17080.649342233242
16537.359763875662
16666.8751049987
17023.012390634816
17338.378335174868
17987.152468160035
17937.224969785337
18113.590316933227
18092.29766891815
18579.53880125494
18696.798541262862
18497.59614898128
18282.148030153203
18612.61829512352
18970.01307050007
18964.33273983253
18963.96139026393
19034.482614076383
19302.069045550146
19169.598012631843
19170.72515870165
19149.267897990114
19335.01757829479
19470.088662293994
19657.55193166873
20374.452590227265
20374.360225479388
20377.056988887118
20374.62502911465
20371.77715822366
20310.10663765052
19900.73601009648
19682.884660121497
19384.48621156517
19595.64683305873
20006.4540376422
20378.86317401164
20247.476707100217
20012.44049645258
19632.124500789116
20371.357840134402
21110.950360222916
21413.81801941759
21674.71102135976
22089.934350079868
22275.07917651814
22426.02733612648
22621.997207857337
23140.865691936706
22952.594891919754
22802.530810535285
22654.53218394822
22333.236212210104
21917.72765903838
21742.195476201396
21809.833159643375
21769.256409148147
21725.362436745818
22207.139233683243
22022.337302146472
21452.68024439365
21714.721726101572
22025.647055917867
22726.884821747517
22797.447198460082
22760.26978329701
22851.157069198118
22448.840587557384
22152.97615759114
21699.5056036582
21849.705439305566
21893.1833880364
21947.58403600498
22413.314499081498
22548.081038771394
23087.69795779878
23152.47751042541
23937.89708370078
24273.00440060046
24279.489561698338
24968.94466005289
24932.26021462766
25031.097203543904
25185.51955995802
25152.138665112503
25100.047995545832
25515.643246783853
25692.989278859728
26060.163528769594
26007.634053163543
25982.10716795389
25873.12728415349
26037.40275316857
26061.501786840734
25625.213267509615
25589.62479433763
26233.901105022014
26343.23831549491
25356.718623623627
25796.37106204259
25696.386925308212
25999.297941730496
26594.098320266614
26676.774463048492
26658.19517667345
26583.945981216442
26632.750478272104
26947.5198675068
26947.5198675068
26908.819910043778
26758.475746911754
26892.039890273696
27082.242128863545
27397.289505500725
27255.656428775306
27373.14580851734
27355.79729260479
27292.828060367363
27741.802656154978
28421.01302011069
29276.396029666415
29393.156060552086
29233.663933405132
29386.98887592466
29412.034232989085
29396.20469852962
29154.178092188347
29333.966586319133
29464.304308950275
29464.13421353065
29244.72418816111
29042.3551360466
29472.46950518038
29915.075306871964
30045.883700355083
30017.455475191397
29987.075091320745
30222.611904422654
30126.43059002889
30352.32745264818
30057.26494747323
29971.28271097736
29769.65814123911
31651.94753634608
31785.80470779388
31963.480682295452
31967.138023557338
31722.42736342434
31083.416927999064
30112.535047943158
30496.380750896133
30302.754836554046
29628.074921439955
29426.74429467723
29802.001983871298
30298.184133456863
30142.516315648158
31463.082686515434
31549.430030255502
31761.367783173668
31623.927879024508
31741.031532145975
32125.1143439163
32235.877568401433
32226.4636964303
31860.478342955594
31111.581852059033
31815.06484602226
31972.112225552166
32020.398435508243
31252.481728074345
31369.32373070454
31477.633004817933
30799.743338667166
30799.743338667166
31027.449290854842
31027.449290854842
30683.428268952186
31072.876601550928
31604.85681657551
31486.138502844282
31416.239665789428
31265.119959265736
31312.411380219968
31082.47539642782
31175.850079850035
31175.850079850035
31735.948840367564
32006.90686226421
32299.90745134178
33582.20889638345
33416.63775602446
33284.74802120275
33799.12491240663
33883.072749613544
34030.83281305584
33692.734500958424
33692.734500958424
33680.31683262772
33797.85938145046
33551.34653801167
33604.200308225045
33630.31682083929
33087.30042919257
33951.44139090318
34341.07592831033
33823.68266651454
32815.88119654385
32815.88119654385
32815.88119654385
32815.88119654385
32815.88119654385
32815.88119654385
32815.88119654385
32815.88119654385
32815.88119654385
32815.88119654385
32815.88119654385
32815.88119654385
32815.88119654385
32815.88119654385
33013.72653058286
33406.69338669013
33794.38327257722
33899.676856199934
33868.01427321396
33868.01427321396
33868.01427321396
33868.01427321396
33764.72362315752
33882.99900944329
34378.58069382145
35203.382726531
35436.90554667595
35451.33151630354
35583.16692957863
36762.49278950204
37181.93320263337
37649.68461584188
38048.993506871535
38180.40758006251
38439.69869043463
38151.96943555673
38011.55481772068
38010.42768782661
38053.612258465815
38045.58082552771
38018.109627878315
38670.70155225838
38800.19293715439
38769.58922528617
38944.22529654125
39213.35707664141
39729.38835315034
39683.053612668766
39762.01858124088
39690.26673820994
40091.16699924579
40289.516351761034
40286.65817845952
40454.21895826512
40532.45792764411
40547.69203413716
40963.998792103375
41065.16253896044
41354.53141521345
41157.32117550084
41272.76247622602
43117.591506632656
43827.07599807232
44937.03844429855
45002.57390278238
44516.13684034841
44316.70913436461
44467.963060790906
44583.93861162344
44489.04929468233
43565.29229553343
42935.54711302639
42022.938877969355
41060.79719551238
42493.69206812279
43065.64307406022
43782.62128475908
44102.94714171173
43006.26334691092
42917.47098079869
42875.35090976434
41943.93339015167
40300.09377144439
40063.250611166586
41631.71291374928
40562.30520295698
41660.29335551299
42579.404464234474
43601.025490105116
43795.913361631756
44538.97047362226
44690.03534607965
43298.02148064393
42923.56682656791
42656.15722820317
41825.344523993095
42187.91521404399
42730.684059612366
43066.75278582572
43117.88574785404
44203.631740613855
45647.096753226666
45983.42956534085
45656.66044905515
45932.21597976478
46166.72433657615
45465.29961661208
45368.0714108588
45082.045204237395
43635.58578209405
43096.50046216478
42482.14354062796
41682.502111338625
42003.90675513575
43155.716395534626
43988.35047496873
43361.723407865255
43450.939622911086
42730.31371370157
42572.65662613806
42175.99022913644
42545.67579731042
41951.78376770441
41388.522351027066
44084.641047606965
43598.81925796361
43401.7554104835
43732.57049329195
44475.003003653546
44031.256160831705
43675.52918978199
43350.906742956984
43963.48952195406
44019.99289605051
44315.62128259739
44117.71228547764
43811.2884031034
44110.7468350916
43798.81662621186
42682.80240405162
42310.99521472961
42089.89314785127
41747.50401668724
42326.59925588008
42605.87285026955
42443.72271005117
42053.28841875333
42311.9684116125
40780.35959587142
40707.70533996965
41226.60539111137
40756.961118486695
40853.22964414322
40896.53787382704
41889.868950369186
42470.6227916584
43152.419188503845
43330.68650991388
44126.18778372707
44584.485719370736
44378.867475055435
44990.31989542132
44929.56152346736
45206.732756394755
45671.1938567091
46600.30870096159
46656.618924890485
47832.753556622825
47918.2029457005
48373.7648125744
48805.858459373805
48969.35035881753
48232.62139308954
47957.530077603646
47709.58408975612
47320.830177145355
46913.63690151306
47768.51610855444
47906.78009192071
47940.425205878564
48246.836047830366
48637.69871798277
48935.177640544796
49283.994088184634
49589.98889622223
51004.96933736665
52174.26740851837
50604.66084233059
50708.444125733135
51138.60640275071
50534.52116724949
50674.42083565677
50400.13424782541
50459.23433633521
50384.61218642772
49734.38716862767
49734.38716862767
50592.354565656155
50981.381741401965
51761.093219930284
52033.137261489544
52075.30256679289
52064.51118737165
51995.11653422656
51580.459556172085
51530.46821792777
50394.706559944505
49982.94400890866
49299.78700796665
50445.381039736814
50244.13942998056
50476.75253515354
50712.81751632235
51129.03323927933
51460.922795795304
51650.545773270474
50957.93164993795
51610.406932111764
52007.2538981505
51897.059685783104
52373.94633505267
52449.801052521376
52333.710795748615
52431.68033144768
52427.30862721447
52967.36544834628
52578.40687986808
52435.60478400666
52575.583745912925
52482.0360602971
52666.452643181794
52967.75059611186
53135.397444711154
52967.25755071027
53139.192882645875
53300.81215818895
53338.4898660371
53230.93349375965
52831.53099574234
53376.79346659587
54336.017530079924
54390.21073815276
54656.58047636095
54938.308351973756
55741.8444516969
56061.05657426764
56218.24066959055
56502.551725516125
56777.24840462827
54245.51917076623
56152.48340125278
54700.462076512624
54600.76043469198
53984.48461275423
55287.5058440229
56189.17558252733
56194.85699358767
55037.80859582679
55040.1800177218
55533.0064786796
55968.28902280264
55843.19288796028
56264.55322263418
57132.32998653182
57599.31251122434
57942.28706317114
57957.593379444144
57920.70202775264
58059.21506529074
58429.95693309436
58880.62646852385
58207.188385609916
57619.42537508967
55402.52934773018
55285.03718722443
55719.76424725093
56130.955327403506
57319.05262663635
57403.4150922248
56983.45987453169
58194.10651768563
58369.107523205406
58337.784203458126
58337.784203458126
58337.784203458126
58337.784203458126
58178.27950802112
59227.53696868175
57629.665917327635
55930.12660921312
56533.08356442853
56351.066162920775
56808.74903978423
56808.749039784234
56620.488995077816
56808.81380574249
58329.490996485176
58218.03684391604
58112.42912923888
57991.717489356146
57884.86164967199
57957.064069178115
57528.44454135149
57025.546087006005
57216.63703762382
57087.02277364228
56793.4582083465
55950.288831575075
55959.27306103421
56740.21196072568
56371.0666643229
55719.5393480505
55606.220053883226
56832.22154851897
56832.22154851897
56832.22154851897
56832.22154851897
56978.542988176785
56850.43766083566
56181.47095588865
56284.00448842362
56215.631121125705
56400.91059293013
56585.82908966571
56556.99554603953
56601.723195080434
56408.50664214163
56539.41293952049
56406.881930910844
56162.41683543909
55302.67788101849
54833.44985603097
54350.8074753578
54859.6193520335
55345.336973603145
54789.90819181469
53969.76543819161
54316.75466510867
54213.01682983097
54460.0732378571
54367.21088263391
56264.413112190654
56337.54319331812
56201.720588656746
55912.26660691304
56022.90488534726
55230.66293373397
54592.56052837307
54565.71356265576
54312.41392067578
53858.47384662676
54612.99019932324
54096.735858390275
53706.642494338994
54084.077396903325
52189.489848890145
52674.95084126179
53391.459283408345
52602.39110343575
53871.7248858559
54579.531411828284
54966.200505644745
55162.06233157496
55153.18993129853
55760.39817066594
57072.66836670209
57468.432870813056
58608.37547017189
58750.299553678364
58367.96404889574
58241.08060262665
58963.60428090858
59270.88564873175
59676.01250324199
59676.01250324199
59676.01250324199
61274.922639392
61161.168254303426
61464.87100446073
62012.42890797324
63311.21888128043
63289.47661853579
62990.04260649588
62877.94584264003
63191.66222415902
63190.55847272358
63065.21965451476
62232.547336766555
61874.354758320624
59124.02228134371
59949.20959178227
60863.04049138289
61111.17112343036
62153.360076303354
62574.766939812536
62727.002247503035
62918.13853327
60351.26959702227
59547.193546713585
59139.45060172318
60679.85639629424
61976.238410803875
61976.238410803875
63285.438566083874
64325.37538702411
64331.62642516529
64131.74573922942
64131.74573922942
64131.74573922942
64131.74573922942
64131.74573922942
64131.74573922942
64131.74573922942
63970.995603184594
65171.931050109466
65431.38855684259
65897.340562875
66475.95670804376
66609.4863856355
68132.35774154015
68145.95286478361
66870.09078378865
66883.45393393627
66855.89157695882
67498.96405231002
66751.84309915829
67002.89880912476
63756.79999599416
63399.175954471924
62952.568339995494
63045.12352584188
62952.91381029009
62983.6362569275
64889.89445916291
66434.77036978687
67329.79344225381
67464.10022375095
69178.64568311762
69503.68516477008
69840.93613009759
69840.93613009759
69500.18857832387
69435.12007997514
70272.01111288123
69735.93752578147
69950.50619701426
71011.17305917406
70766.21746426946
70689.56798537883
69504.84224597548
69816.62570530681
70116.49926798014
70354.48977079353
70017.9567063984
70731.38682376387
69455.30908474572
67956.52219358816
67890.54320124237
66938.58597324672
67591.7134850694
67905.91971706532
67135.2548090673
66015.66444445815
65176.74995398458
65453.845101744555
65549.26723774141
64765.90446239745
65980.67001371938
65934.8044586569
67127.77883427849
67627.30461565367
68619.90321730875
69241.98417146085
68926.03583685301
68518.31315370138
68855.64885078
69172.41896263698
68959.51370130453
68509.48528391094
66997.97399028037
67480.55653968321
66984.05017901746
67298.83580568928
67577.78580304215
68577.12812239476
68692.58562916759
69395.20461543312
69628.49315334286
69588.91559770533
69737.65530253766
69854.95292572789
70863.80344762327
71378.66496001046
71720.62698767337
72502.6674372144
73398.99032876328
73460.13819299336
72966.57120506877
72792.81736239707
72474.89638771839
73312.8645036674
74028.99303853247
73911.90516991612
72802.1166444571
73679.36257418097
73001.26657089456
77499.19027496025
77052.39972327166
76880.47283235211
78079.94515127872
78743.36497733767
79117.18929829758
78685.85388864516
78915.10336384947
79235.74519548545
79554.72994517039
80847.08740475473
82356.83494180332
83562.03112937567
85188.6611029607
86255.15487458905
85670.4871667256
84893.36412172917
85179.23541226788
86641.04950317377
87001.77132863583
87518.72640809917
87796.62898532348
88076.85392216315
89095.2342833424
89484.94697924866
90128.95134737149
90128.95134737149
88707.98964018586
88083.74806891121
89203.2967391929
90306.4942048401
91247.14225807413
92216.19430953109
95123.5022493523
97872.07627207573
98735.10498832396
98017.54487976189
100261.17476604904
100815.40920014861
100949.09005151063
100401.2195490141
100401.2195490141
100401.2195490141
101063.59164852022
102522.451203198
101600.20212516777
99653.906948567
102306.50871334659
104358.82581018358
103599.43978247767
104269.76018805751
103907.59607141372
106058.35558086282
105598.07626492718
103566.72377161967
103563.01992078769
103524.27844297004
103524.27844297004
103524.27844297004
103524.27844297004
101663.34055257437
101520.59305442177
99675.09055922859
108710.98244742304
108685.82593177144
107314.3090496242
103748.37318452742
103870.56273029099
103320.45066859174
104628.53870348235
101289.86544289814
100343.01275802447
101048.1463329586
100729.06274680946
101729.61298177754
100440.55118119324
99276.56127146934
98412.92430850497
98135.4094163691
94637.81108234868
94366.06201313353
98231.10777671992
99458.1613641908
100246.09567876901
101542.56832960853
101154.32222255683
101572.06824823144
101844.9674139453
101934.91510330819
101229.01052047308
101089.15894435314
101059.12775027315
101864.9308604593
101864.9308604593
101864.9308604593
101864.9308604593
101864.9308604593
101773.94325925551
101534.74511347243
101635.60952506016
101560.21278933091
104339.17309775171
104207.46334990245
103727.31592668276
103068.5518475933
101820.5777779253
101699.08920710138
102263.05945350227
101369.3088096691
103204.24149369649
104584.3650016452
104584.3650016452
105277.25858534116
105495.74018537375
105942.5816360459
107358.67807544713
105169.00543777688
104324.60667033322
104863.02639140541
105388.14820956493
105486.66221617599
105228.42550825817
105943.25078592158
105291.64279580142
103055.43381924726
104830.30498061364
99510.52974285596
99761.42914058542
100389.23612552593
102764.1129493993
105480.24032325431
106196.09110344172
104382.89971598078
106548.43375080446
107694.41080010979
107785.95997546389
107258.76866857323
107176.46780796294
107450.74693491217
108433.96806693863
109369.48272368647
109238.21339585143
109428.26490960931
110880.95505652463
112524.32312429397
113714.47453820417
112811.87316939305
113466.04608223258
113027.05203897075
115160.61397384666
114948.17879969982
114909.39520450532
113233.541192082
113511.3629732357
114796.11614283145
114094.34058873788
114094.34058873788
114787.02310933778
114031.79233787705
111732.98251059534
112762.31000804769
115119.07293162907
116715.7758114307
118151.89427757902
118307.42485237324
118307.42485237324
118025.83262879867
118331.56311795641
116098.52533271583
115275.90572995247
112781.86461963682
113598.21687259452
113189.31491090993
111422.38202726888
111454.6323566294
112555.26683029553
112640.15528010056
111260.51023384026
108225.30776730989
107333.88040112366
107714.7426964113
107063.46240096974
105974.29266192563
106531.21981045126
108241.14574908126
109005.01540754417
107302.2281167577
103549.83891434451
106560.17021466103
104192.25228274087
104515.66920134719
104515.66920134719
104515.66920134719
104515.66920134719
104515.66920134719
103709.8861878013
103709.8861878013
103709.8861878013
103709.8861878013
103531.0884038934
102808.10307131108
103912.55557230301
103611.51838512055
103976.43075360323
102670.15686979362
102550.26999184565
104057.61480381494
108443.35544144287
106973.46117641393
108396.38893506184
109839.3970516806
111544.98975078433
110259.1286301449
112151.30413505956
111386.25573968078
112171.6295017103
109914.86479095786
103246.91711015147
103396.33690667688
104109.38227004328
100498.73979351582
102904.47916268557
103924.3665678408
100898.2813267535
97023.83969700692
96986.25199314192
100575.5566580527
100532.16299955323
100084.1705189037
97560.65498163097
98917.45749175074
98606.46223393953
97746.83252126977
97746.83252126977
97746.83252126977
97746.83252126977
97746.83252126977
97746.83252126977
97668.98669159402
97784.71544667962
97354.8868037556
97881.2089975808
97517.51518730362
94106.02609810424
92956.98271495079
93212.31814584832
93529.88723069726
93153.43212334205
93187.98909679758
94337.3281281583
84482.25395830837
82190.9933073234
82372.4595889222
84653.25529634794
84405.32254895028
84259.85878614956
84759.55567956962
83068.19968680429
83274.58277591967
84426.26144140227
85866.14725364678
87651.56943114047
88304.0369226412
87061.92778957271
86280.62327709334
86001.47268473783
86319.34144886537
85242.74139452331
83498.00935481358
82650.89027584788
83492.32741290606
83027.94302795311
82916.24421783583
82474.75086875955
81835.91251886323
80075.14749025174
78802.79791954468
79047.57983802937
79671.29860593045
79202.36708694145
79491.6433120756
79491.6433120756
79491.6433120756
79384.03725901178
79605.3792813379
79919.09628507268
80245.53282056934
80733.65178505858
80700.64321858047
80700.64321858047
80700.64321858047
80700.64321858047
80700.64321858047
80700.64321858047
80700.64321858047
80247.7982270533
80128.02220830259
80325.80267251522
80424.46663913384
78907.37760863174
79185.75253434117
79516.92497703066
80412.75371022307
80797.68458718111
80513.05052449564
78786.03566232354
78587.07551139034
77088.18302704791
74215.91330395592
72732.98483399466
73982.00947591472
75579.68012930175
74892.43602392699
76170.36812407908
77377.36811596222
78355.29516952235
81071.25366074439
81071.25366074439
81071.25366074439
81859.78523161518
82743.02084398389
83375.32526873038
83506.8824970336
83506.8824970336
83093.66836830245
